0.0 304.0 0
0.0 324.0 0
2.0 318.0 0
255 255 255
0.0 324.0 0
0.0 326.0 0
2.0 325.0 0
255 255 255
2.0 318.0 0
0.0 324.0 0
2.0 325.0 0
236 235 235
0.0 326.0 0
0.0 338.0 0
3.0 331.0 0
255 255 255
2.0 325.0 0
0.0 326.0 0
3.0 331.0 0
255 255 255
0.0 338.0 0
0.0 386.0 0
6.0 368.0 0
255 255 254
0.0 256.0 0
0.0 302.0 0
7.0 288.0 0
255 255 255
0.0 304.0 0
2.0 318.0 0
8.0 313.0 0
255 255 255
2.0 318.0 0
2.0 325.0 0
8.0 313.0 0
157 138 123
6.0 368.0 0
0.0 386.0 0
8.0 377.0 0
255 255 255
8.0 377.0 0
0.0 386.0 0
9.0 380.0 0
252 255 255
9.0 380.0 0
0.0 386.0 0
9.0 386.0 0
100 105 118
0.0 386.0 0
0.0 401.0 0
9.0 387.0 0
255 255 255
9.0 386.0 0
0.0 386.0 0
9.0 387.0 0
255 255 255
7.0 288.0 0
0.0 302.0 0
10.0 293.0 0
255 255 255
10.0 293.0 0
0.0 302.0 0
10.0 296.0 0
255 255 255
0.0 304.0 0
8.0 313.0 0
10.0 308.0 0
254 255 255
10.0 296.0 0
0.0 302.0 0
11.0 299.0 0
255 255 255
0.0 304.0 0
10.0 308.0 0
11.0 304.0 0
255 255 255
0.0 302.0 0
0.0 304.0 0
11.0 304.0 0
255 255 255
11.0 299.0 0
0.0 302.0 0
11.0 304.0 0
255 255 255
0.0 238.0 0
0.0 256.0 0
12.0 252.0 0
255 255 255
9.0 387.0 0
0.0 401.0 0
12.0 389.0 0
255 255 255
9.0 386.0 0
9.0 387.0 0
12.0 389.0 0
5 0 15
9.0 380.0 0
9.0 386.0 0
12.0 389.0 0
8 2 20
0.0 256.0 0
7.0 288.0 0
14.0 267.0 0
255 255 255
12.0 252.0 0
0.0 256.0 0
14.0 267.0 0
255 255 254
0.0 213.0 0
0.0 214.0 0
15.0 218.0 0
255 255 255
0.0 214.0 0
0.0 230.0 0
15.0 223.0 0
255 255 255
15.0 218.0 0
0.0 214.0 0
15.0 223.0 0
255 255 255
0.0 230.0 0
0.0 238.0 0
15.0 241.0 0
255 255 255
15.0 223.0 0
0.0 230.0 0
15.0 241.0 0
255 255 255
0.0 238.0 0
12.0 252.0 0
15.0 241.0 0
255 255 255
15.0 223.0 0
15.0 241.0 0
16.0 241.0 0
25 14 18
15.0 241.0 0
12.0 252.0 0
16.0 241.0 0
255 255 255
2.0 325.0 0
3.0 331.0 0
16.0 335.0 0
79 54 71
8.0 313.0 0
2.0 325.0 0
16.0 335.0 0
61 43 47
3.0 331.0 0
0.0 338.0 0
16.0 335.0 0
46 32 50
15.0 218.0 0
15.0 223.0 0
17.0 211.0 0
116 101 82
0.0 213.0 0
15.0 218.0 0
17.0 211.0 0
255 255 255
10.0 308.0 0
8.0 313.0 0
17.0 305.0 0
52 27 51
11.0 304.0 0
10.0 308.0 0
17.0 305.0 0
73 56 76
12.0 389.0 0
0.0 401.0 0
17.0 397.0 0
255 255 255
11.0 299.0 0
11.0 304.0 0
18.0 302.0 0
80 52 63
11.0 304.0 0
17.0 305.0 0
18.0 302.0 0
50 31 73
10.0 293.0 0
10.0 296.0 0
18.0 302.0 0
62 40 63
10.0 296.0 0
11.0 299.0 0
18.0 302.0 0
53 39 59
0.0 338.0 0
6.0 368.0 0
18.0 344.0 0
54 37 58
16.0 335.0 0
0.0 338.0 0
18.0 344.0 0
55 30 53
0.0 181.0 0
0.0 213.0 0
22.0 204.0 0
255 255 255
0.0 213.0 0
17.0 211.0 0
22.0 204.0 0
255 255 255
17.0 211.0 0
15.0 223.0 0
22.0 204.0 0
26 5 11
0.0 179.0 0
0.0 181.0 0
23.0 203.0 0
255 255 255
0.0 181.0 0
22.0 204.0 0
23.0 203.0 0
255 255 255
16.0 335.0 0
18.0 344.0 0
23.0 332.0 0
120 119 152
8.0 313.0 0
16.0 335.0 0
23.0 332.0 0
48 33 47
17.0 305.0 0
8.0 313.0 0
23.0 332.0 0
54 33 53
10.0 449.0 0
22.0 449.0 0
24.0 415.0 0
255 255 255
17.0 397.0 0
0.0 401.0 0
24.0 415.0 0
255 255 255
0.0 401.0 0
0.0 449.0 0
24.0 415.0 0
255 255 255
0.0 449.0 0
10.0 449.0 0
24.0 415.0 0
255 255 255
10.0 293.0 0
18.0 302.0 0
28.0 288.0 0
73 53 74
7.0 288.0 0
10.0 293.0 0
28.0 288.0 0
66 41 58
14.0 267.0 0
7.0 288.0 0
28.0 288.0 0
66 38 59
23.0 332.0 0
18.0 344.0 0
31.0 338.0 0
33 28 61
17.0 397.0 0
24.0 415.0 0
31.0 417.0 0
74 74 85
24.0 415.0 0
22.0 449.0 0
31.0 417.0 0
255 255 255
31.0 417.0 0
22.0 449.0 0
31.0 449.0 0
255 255 255
14.0 267.0 0
28.0 288.0 0
33.0 278.0 0
58 48 95
12.0 252.0 0
14.0 267.0 0
33.0 278.0 0
49 21 40
16.0 241.0 0
12.0 252.0 0
33.0 278.0 0
22 4 31
31.0 338.0 0
18.0 344.0 0
33.0 340.0 0
51 46 87
8.0 377.0 0
9.0 380.0 0
33.0 340.0 0
14 2 14
6.0 368.0 0
8.0 377.0 0
33.0 340.0 0
24 10 22
18.0 344.0 0
6.0 368.0 0
33.0 340.0 0
30 16 42
31.0 338.0 0
33.0 340.0 0
37.0 322.0 0
67 60 95
17.0 305.0 0
23.0 332.0 0
37.0 322.0 0
18 13 26
23.0 332.0 0
31.0 338.0 0
37.0 322.0 0
104 96 128
17.0 397.0 0
31.0 417.0 0
40.0 415.0 0
64 59 94
31.0 417.0 0
31.0 449.0 0
40.0 415.0 0
255 255 255
0.0 179.0 0
23.0 203.0 0
44.0 198.0 0
255 255 255
22.0 204.0 0
15.0 223.0 0
44.0 198.0 0
17 12 36
23.0 203.0 0
22.0 204.0 0
44.0 198.0 0
255 255 255
15.0 223.0 0
16.0 241.0 0
44.0 198.0 0
12 1 28
28.0 288.0 0
18.0 302.0 0
46.0 310.0 0
33 16 36
18.0 302.0 0
17.0 305.0 0
46.0 310.0 0
19 10 28
17.0 305.0 0
37.0 322.0 0
46.0 310.0 0
24 12 51
40.0 415.0 0
45.0 412.0 0
46.0 410.0 0
44 21 53
12.0 389.0 0
17.0 397.0 0
47.0 407.0 0
0 0 0
17.0 397.0 0
40.0 415.0 0
47.0 407.0 0
27 27 52
40.0 415.0 0
46.0 410.0 0
47.0 407.0 0
38 30 44
9.0 380.0 0
12.0 389.0 0
47.0 407.0 0
0 0 0
33.0 340.0 0
9.0 380.0 0
47.0 407.0 0
0 0 3
46.0 310.0 0
37.0 322.0 0
50.0 310.0 0
63 47 77
0.0 100.0 0
0.0 151.0 0
51.0 132.0 0
255 255 255
0.0 151.0 0
0.0 154.0 0
51.0 132.0 0
255 255 255
46.0 310.0 0
50.0 310.0 0
53.0 294.0 0
52 38 77
33.0 278.0 0
28.0 288.0 0
53.0 294.0 0
33 16 46
28.0 288.0 0
46.0 310.0 0
53.0 294.0 0
18 8 33
0.0 27.0 0
0.0 30.0 0
54.0 0.0 0
255 255 255
0.0 23.0 0
0.0 27.0 0
54.0 0.0 0
255 255 255
0.0 15.0 0
0.0 23.0 0
54.0 0.0 0
255 255 255
0.0 0.0 0
0.0 15.0 0
54.0 0.0 0
255 255 255
0.0 154.0 0
0.0 167.0 0
55.0 169.0 0
255 255 255
51.0 132.0 0
0.0 154.0 0
55.0 169.0 0
255 255 255
0.0 167.0 0
0.0 179.0 0
55.0 169.0 0
255 255 255
0.0 179.0 0
44.0 198.0 0
55.0 169.0 0
255 255 255
33.0 278.0 0
53.0 294.0 0
55.0 291.0 0
18 11 44
0.0 72.0 0
0.0 88.0 0
56.0 112.0 0
255 255 255
0.0 95.0 0
0.0 100.0 0
56.0 112.0 0
255 255 255
0.0 92.0 0
0.0 95.0 0
56.0 112.0 0
255 255 255
0.0 90.0 0
0.0 92.0 0
56.0 112.0 0
255 255 255
0.0 88.0 0
0.0 90.0 0
56.0 112.0 0
255 255 255
0.0 100.0 0
51.0 132.0 0
56.0 116.0 0
255 255 255
56.0 112.0 0
0.0 100.0 0
56.0 116.0 0
255 255 255
56.0 116.0 0
51.0 132.0 0
57.0 124.0 0
136 70 67
51.0 132.0 0
56.0 134.0 0
57.0 124.0 0
178 129 108
56.0 134.0 0
51.0 132.0 0
57.0 137.0 0
84 48 49
37.0 322.0 0
33.0 340.0 0
57.0 329.0 0
56 55 91
50.0 310.0 0
37.0 322.0 0
57.0 329.0 0
31 13 38
47.0 407.0 0
46.0 410.0 0
58.0 411.0 0
53 30 55
46.0 410.0 0
45.0 412.0 0
58.0 411.0 0
162 157 158
40.0 415.0 0
31.0 449.0 0
58.0 449.0 0
255 255 255
55.0 169.0 0
44.0 198.0 0
59.0 175.0 0
255 255 255
44.0 198.0 0
57.0 194.0 0
59.0 175.0 0
255 255 255
57.0 124.0 0
56.0 134.0 0
61.0 133.0 0
173 107 91
56.0 134.0 0
57.0 137.0 0
61.0 133.0 0
131 74 64
51.0 132.0 0
55.0 169.0 0
61.0 158.0 0
204 159 123
57.0 137.0 0
51.0 132.0 0
61.0 158.0 0
194 151 117
55.0 169.0 0
59.0 175.0 0
61.0 170.0 0
204 138 129
61.0 158.0 0
55.0 169.0 0
61.0 170.0 0
118 77 71
55.0 291.0 0
53.0 294.0 0
61.0 293.0 0
82 65 72
56.0 116.0 0
57.0 124.0 0
64.0 120.0 0
129 52 57
57.0 124.0 0
61.0 133.0 0
64.0 120.0 0
119 41 37
56.0 112.0 0
56.0 116.0 0
64.0 120.0 0
103 60 45
53.0 294.0 0
50.0 310.0 0
64.0 302.0 0
41 23 37
61.0 293.0 0
53.0 294.0 0
64.0 302.0 0
24 6 18
50.0 310.0 0
57.0 329.0 0
64.0 302.0 0
112 88 70
40.0 415.0 0
58.0 449.0 0
67.0 422.0 0
255 255 255
45.0 412.0 0
40.0 415.0 0
67.0 422.0 0
255 255 255
58.0 411.0 0
45.0 412.0 0
67.0 422.0 0
255 255 255
67.0 420.0 0
58.0 411.0 0
67.0 422.0 0
255 255 255
64.0 120.0 0
61.0 133.0 0
68.0 120.0 0
117 54 49
67.0 420.0 0
67.0 422.0 0
68.0 419.0 0
99 86 98
58.0 411.0 0
67.0 420.0 0
68.0 419.0 0
255 255 255
59.0 175.0 0
57.0 194.0 0
69.0 188.0 0
207 191 191
68.0 120.0 0
61.0 133.0 0
70.0 134.0 0
129 54 44
61.0 133.0 0
57.0 137.0 0
70.0 134.0 0
168 106 84
0.0 30.0 0
0.0 38.0 0
71.0 45.0 0
255 255 255
54.0 0.0 0
0.0 30.0 0
71.0 45.0 0
255 255 255
0.0 38.0 0
0.0 41.0 0
71.0 45.0 0
255 255 255
0.0 47.0 0
0.0 49.0 0
71.0 45.0 0
255 255 255
0.0 41.0 0
0.0 47.0 0
71.0 45.0 0
255 255 255
56.0 112.0 0
64.0 120.0 0
72.0 114.0 0
160 131 88
64.0 120.0 0
68.0 120.0 0
72.0 114.0 0
105 39 29
69.0 188.0 0
57.0 194.0 0
72.0 192.0 0
41 21 58
0.0 49.0 0
0.0 72.0 0
73.0 58.0 0
255 255 255
71.0 45.0 0
0.0 49.0 0
73.0 58.0 0
255 255 255
0.0 72.0 0
56.0 112.0 0
73.0 66.0 0
255 255 255
73.0 58.0 0
0.0 72.0 0
73.0 66.0 0
255 255 255
56.0 112.0 0
72.0 114.0 0
74.0 109.0 0
217 183 143
61.0 170.0 0
59.0 175.0 0
74.0 170.0 0
222 200 181
61.0 158.0 0
61.0 170.0 0
74.0 170.0 0
217 189 170
69.0 188.0 0
72.0 192.0 0
75.0 186.0 0
53 49 66
57.0 329.0 0
33.0 340.0 0
75.0 346.0 0
32 9 23
71.0 45.0 0
73.0 58.0 0
76.0 45.0 0
131 103 91
74.0 109.0 0
72.0 114.0 0
77.0 121.0 0
145 141 115
68.0 120.0 0
70.0 134.0 0
77.0 121.0 0
95 38 37
72.0 114.0 0
68.0 120.0 0
77.0 121.0 0
107 46 42
73.0 66.0 0
56.0 112.0 0
78.0 85.0 0
255 255 255
56.0 112.0 0
74.0 109.0 0
78.0 85.0 0
255 255 255
61.0 158.0 0
74.0 170.0 0
78.0 146.0 0
125 90 80
78.0 139.0 0
70.0 134.0 0
78.0 146.0 0
14 1 2
57.0 137.0 0
61.0 158.0 0
78.0 146.0 0
141 85 78
70.0 134.0 0
57.0 137.0 0
78.0 146.0 0
61 28 26
69.0 188.0 0
75.0 186.0 0
78.0 180.0 0
143 141 125
59.0 175.0 0
69.0 188.0 0
78.0 180.0 0
147 115 113
74.0 170.0 0
59.0 175.0 0
78.0 180.0 0
104 82 81
54.0 0.0 0
71.0 45.0 0
79.0 0.0 0
255 255 255
74.0 170.0 0
78.0 180.0 0
79.0 176.0 0
84 52 63
55.0 291.0 0
61.0 293.0 0
80.0 277.0 0
73 48 55
61.0 293.0 0
64.0 302.0 0
80.0 277.0 0
242 221 197
33.0 278.0 0
55.0 291.0 0
80.0 277.0 0
10 1 7
33.0 340.0 0
47.0 407.0 0
80.0 362.0 0
0 0 2
75.0 346.0 0
33.0 340.0 0
80.0 362.0 0
15 2 10
47.0 407.0 0
58.0 411.0 0
80.0 362.0 0
0 0 0
75.0 346.0 0
80.0 362.0 0
81.0 356.0 0
97 68 75
81.0 353.0 0
75.0 346.0 0
81.0 356.0 0
182 144 129
81.0 356.0 0
80.0 362.0 0
81.0 362.0 0
82 49 57
78.0 139.0 0
78.0 146.0 0
82.0 142.0 0
72 35 30
80.0 277.0 0
64.0 302.0 0
82.0 309.0 0
249 231 211
64.0 302.0 0
57.0 329.0 0
82.0 309.0 0
253 231 207
78.0 139.0 0
82.0 142.0 0
84.0 132.0 0
56 11 18
77.0 121.0 0
70.0 134.0 0
84.0 132.0 0
42 1 8
70.0 134.0 0
78.0 139.0 0
84.0 132.0 0
46 8 24
82.0 309.0 0
57.0 329.0 0
84.0 313.0 0
233 200 179
74.0 109.0 0
77.0 121.0 0
85.0 109.0 0
37 26 52
33.0 278.0 0
80.0 277.0 0
85.0 267.0 0
11 1 4
80.0 277.0 0
84.0 270.0 0
85.0 267.0 0
185 120 107
85.0 267.0 0
84.0 270.0 0
85.0 269.0 0
120 71 52
81.0 353.0 0
81.0 356.0 0
85.0 360.0 0
130 70 73
81.0 356.0 0
81.0 362.0 0
85.0 360.0 0
199 131 123
78.0 146.0 0
74.0 170.0 0
86.0 165.0 0
87 21 20
74.0 170.0 0
79.0 176.0 0
86.0 165.0 0
253 187 132
85.0 267.0 0
85.0 269.0 0
87.0 263.0 0
58 27 35
85.0 360.0 0
81.0 362.0 0
87.0 366.0 0
201 173 176
80.0 362.0 0
58.0 411.0 0
87.0 366.0 0
0 0 0
81.0 362.0 0
80.0 362.0 0
87.0 366.0 0
3 0 6
58.0 411.0 0
68.0 419.0 0
87.0 366.0 0
0 0 0
73.0 66.0 0
78.0 85.0 0
88.0 75.0 0
90 55 70
73.0 58.0 0
73.0 66.0 0
88.0 75.0 0
131 84 74
76.0 45.0 0
73.0 58.0 0
88.0 75.0 0
136 104 89
33.0 278.0 0
85.0 267.0 0
88.0 251.0 0
14 0 15
85.0 267.0 0
87.0 263.0 0
88.0 251.0 0
34 9 35
16.0 241.0 0
33.0 278.0 0
88.0 251.0 0
0 0 0
44.0 198.0 0
16.0 241.0 0
88.0 251.0 0
10 1 2
87.0 366.0 0
68.0 419.0 0
88.0 425.0 0
0 0 0
68.0 419.0 0
67.0 422.0 0
88.0 425.0 0
4 1 19
67.0 422.0 0
58.0 449.0 0
88.0 425.0 0
255 255 255
88.0 75.0 0
78.0 85.0 0
89.0 90.0 0
12 6 32
78.0 85.0 0
74.0 109.0 0
89.0 90.0 0
209 163 131
74.0 109.0 0
85.0 109.0 0
89.0 90.0 0
105 77 58
57.0 329.0 0
75.0 346.0 0
89.0 322.0 0
254 227 203
84.0 313.0 0
57.0 329.0 0
89.0 322.0 0
232 205 188
84.0 132.0 0
82.0 142.0 0
90.0 132.0 0
73 18 24
85.0 360.0 0
87.0 366.0 0
90.0 364.0 0
157 118 108
87.0 263.0 0
85.0 269.0 0
91.0 276.0 0
213 173 139
84.0 270.0 0
80.0 277.0 0
91.0 276.0 0
208 158 137
85.0 269.0 0
84.0 270.0 0
91.0 276.0 0
209 164 133
89.0 322.0 0
75.0 346.0 0
91.0 332.0 0
222 179 157
75.0 346.0 0
90.0 338.0 0
91.0 332.0 0
247 226 201
71.0 45.0 0
76.0 45.0 0
92.0 14.0 0
219 184 151
79.0 0.0 0
71.0 45.0 0
92.0 14.0 0
235 204 168
85.0 109.0 0
77.0 121.0 0
92.0 125.0 0
224 179 133
77.0 121.0 0
84.0 132.0 0
92.0 125.0 0
56 12 15
84.0 132.0 0
90.0 132.0 0
92.0 125.0 0
54 3 12
85.0 360.0 0
90.0 364.0 0
92.0 348.0 0
201 137 131
81.0 353.0 0
85.0 360.0 0
92.0 348.0 0
201 142 126
75.0 346.0 0
81.0 353.0 0
92.0 348.0 0
182 132 118
90.0 338.0 0
75.0 346.0 0
92.0 348.0 0
207 159 141
90.0 132.0 0
82.0 142.0 0
94.0 143.0 0
143 48 50
78.0 146.0 0
86.0 165.0 0
94.0 158.0 0
36 1 17
82.0 142.0 0
78.0 146.0 0
94.0 158.0 0
86 36 42
94.0 143.0 0
82.0 142.0 0
94.0 158.0 0
88 17 22
57.0 194.0 0
44.0 198.0 0
94.0 239.0 0
14 0 5
44.0 198.0 0
88.0 251.0 0
94.0 239.0 0
11 0 5
88.0 251.0 0
87.0 263.0 0
94.0 253.0 0
109 70 71
94.0 239.0 0
88.0 251.0 0
94.0 253.0 0
174 146 141
85.0 109.0 0
92.0 125.0 0
95.0 115.0 0
135 136 114
95.0 115.0 0
92.0 125.0 0
95.0 122.0 0
212 171 118
72.0 192.0 0
57.0 194.0 0
95.0 211.0 0
7 1 4
57.0 194.0 0
94.0 239.0 0
95.0 211.0 0
6 0 0
91.0 332.0 0
90.0 338.0 0
96.0 332.0 0
42 17 37
90.0 364.0 0
87.0 366.0 0
96.0 367.0 0
191 152 147
75.0 186.0 0
72.0 192.0 0
97.0 197.0 0
9 1 3
72.0 192.0 0
95.0 211.0 0
97.0 197.0 0
18 0 15
78.0 180.0 0
75.0 186.0 0
97.0 197.0 0
17 0 4
87.0 263.0 0
91.0 276.0 0
97.0 278.0 0
203 99 85
94.0 253.0 0
87.0 263.0 0
97.0 278.0 0
183 106 101
87.0 366.0 0
88.0 425.0 0
97.0 423.0 0
0 0 0
96.0 367.0 0
87.0 366.0 0
97.0 423.0 0
0 0 0
89.0 90.0 0
85.0 109.0 0
99.0 89.0 0
54 35 70
85.0 109.0 0
95.0 115.0 0
99.0 89.0 0
72 54 79
89.0 322.0 0
91.0 332.0 0
99.0 327.0 0
78 37 49
91.0 332.0 0
96.0 332.0 0
99.0 327.0 0
147 101 89
99.0 327.0 0
96.0 332.0 0
99.0 331.0 0
197 160 154
86.0 165.0 0
79.0 176.0 0
100.0 177.0 0
33 0 11
79.0 176.0 0
78.0 180.0 0
100.0 177.0 0
156 68 56
94.0 158.0 0
86.0 165.0 0
100.0 177.0 0
205 122 110
88.0 75.0 0
89.0 90.0 0
101.0 86.0 0
56 46 87
89.0 90.0 0
99.0 89.0 0
101.0 86.0 0
54 57 96
78.0 180.0 0
97.0 197.0 0
101.0 184.0 0
29 3 17
100.0 177.0 0
78.0 180.0 0
101.0 184.0 0
62 9 24
92.0 348.0 0
90.0 364.0 0
101.0 353.0 0
192 146 134
90.0 364.0 0
96.0 367.0 0
101.0 353.0 0
13 2 7
97.0 278.0 0
91.0 276.0 0
102.0 284.0 0
55 16 28
89.0 322.0 0
99.0 327.0 0
102.0 320.0 0
211 163 138
100.0 177.0 0
101.0 184.0 0
103.0 181.0 0
61 5 13
101.0 184.0 0
97.0 197.0 0
103.0 200.0 0
221 143 109
97.0 197.0 0
95.0 211.0 0
103.0 200.0 0
34 12 13
102.0 284.0 0
91.0 276.0 0
103.0 291.0 0
110 49 71
80.0 277.0 0
82.0 309.0 0
103.0 291.0 0
220 134 127
91.0 276.0 0
80.0 277.0 0
103.0 291.0 0
154 68 74
82.0 309.0 0
84.0 313.0 0
103.0 309.0 0
189 104 94
84.0 313.0 0
89.0 322.0 0
103.0 309.0 0
232 157 127
89.0 322.0 0
102.0 320.0 0
103.0 309.0 0
221 161 120
88.0 75.0 0
101.0 86.0 0
104.0 84.0 0
66 69 115
95.0 115.0 0
95.0 122.0 0
104.0 115.0 0
200 218 161
104.0 232.0 0
94.0 239.0 0
104.0 233.0 0
188 126 95
94.0 253.0 0
97.0 278.0 0
104.0 278.0 0
156 50 41
97.0 278.0 0
102.0 284.0 0
104.0 278.0 0
184 79 71
103.0 309.0 0
102.0 320.0 0
104.0 322.0 0
186 145 105
102.0 320.0 0
99.0 327.0 0
104.0 322.0 0
255 189 131
99.0 327.0 0
99.0 331.0 0
104.0 325.0 0
182 128 122
104.0 322.0 0
99.0 327.0 0
104.0 325.0 0
244 154 92
97.0 423.0 0
88.0 425.0 0
104.0 427.0 0
255 255 255
88.0 425.0 0
58.0 449.0 0
104.0 449.0 0
255 255 255
104.0 427.0 0
88.0 425.0 0
104.0 449.0 0
255 255 255
90.0 132.0 0
94.0 143.0 0
105.0 140.0 0
127 73 54
95.0 211.0 0
94.0 239.0 0
105.0 221.0 0
50 4 14
94.0 239.0 0
104.0 232.0 0
105.0 221.0 0
234 190 136
103.0 291.0 0
82.0 309.0 0
105.0 302.0 0
126 62 71
82.0 309.0 0
103.0 309.0 0
105.0 302.0 0
181 73 66
94.0 143.0 0
94.0 158.0 0
106.0 155.0 0
29 2 3
105.0 140.0 0
94.0 143.0 0
106.0 155.0 0
64 8 19
94.0 158.0 0
100.0 177.0 0
106.0 163.0 0
248 170 123
106.0 155.0 0
94.0 158.0 0
106.0 163.0 0
170 73 48
100.0 177.0 0
103.0 181.0 0
106.0 163.0 0
227 137 109
103.0 291.0 0
105.0 302.0 0
106.0 293.0 0
100 16 26
104.0 325.0 0
99.0 331.0 0
106.0 340.0 0
246 227 211
92.0 348.0 0
101.0 353.0 0
106.0 340.0 0
58 40 46
99.0 331.0 0
96.0 332.0 0
106.0 340.0 0
251 234 216
90.0 338.0 0
92.0 348.0 0
106.0 340.0 0
229 198 183
96.0 332.0 0
90.0 338.0 0
106.0 340.0 0
244 217 197
106.0 340.0 0
101.0 353.0 0
106.0 356.0 0
47 14 24
101.0 353.0 0
96.0 367.0 0
106.0 356.0 0
42 9 11
103.0 200.0 0
95.0 211.0 0
107.0 205.0 0
35 8 19
95.0 211.0 0
105.0 221.0 0
107.0 205.0 0
74 80 56
107.0 114.0 0
104.0 115.0 0
109.0 130.0 0
249 215 171
95.0 122.0 0
92.0 125.0 0
109.0 130.0 0
43 1 3
92.0 125.0 0
90.0 132.0 0
109.0 130.0 0
19 1 1
90.0 132.0 0
105.0 140.0 0
109.0 130.0 0
159 93 78
104.0 115.0 0
95.0 122.0 0
109.0 130.0 0
142 91 54
104.0 278.0 0
102.0 284.0 0
110.0 291.0 0
221 150 125
102.0 284.0 0
103.0 291.0 0
110.0 291.0 0
94 18 36
103.0 291.0 0
106.0 293.0 0
110.0 291.0 0
156 113 124
104.0 115.0 0
107.0 114.0 0
111.0 109.0 0
33 36 79
107.0 114.0 0
110.0 112.0 0
111.0 109.0 0
30 41 72
99.0 89.0 0
95.0 115.0 0
111.0 109.0 0
46 38 90
95.0 115.0 0
104.0 115.0 0
111.0 109.0 0
17 13 37
106.0 155.0 0
106.0 163.0 0
112.0 155.0 0
228 143 110
104.0 232.0 0
104.0 233.0 0
112.0 237.0 0
50 23 30
105.0 221.0 0
104.0 232.0 0
112.0 237.0 0
194 144 116
106.0 293.0 0
105.0 302.0 0
112.0 300.0 0
76 15 18
110.0 291.0 0
106.0 293.0 0
112.0 300.0 0
110 27 32
105.0 302.0 0
103.0 309.0 0
112.0 300.0 0
95 51 55
88.0 75.0 0
104.0 84.0 0
113.0 67.0 0
68 70 109
104.0 84.0 0
111.0 83.0 0
113.0 67.0 0
44 41 76
76.0 45.0 0
88.0 75.0 0
113.0 67.0 0
230 190 151
92.0 14.0 0
76.0 45.0 0
113.0 67.0 0
254 235 207
99.0 89.0 0
111.0 109.0 0
113.0 96.0 0
84 85 114
111.0 83.0 0
104.0 84.0 0
113.0 96.0 0
253 228 204
101.0 86.0 0
99.0 89.0 0
113.0 96.0 0
78 87 107
104.0 84.0 0
101.0 86.0 0
113.0 96.0 0
251 230 202
109.0 130.0 0
105.0 140.0 0
113.0 141.0 0
213 182 143
105.0 140.0 0
106.0 155.0 0
113.0 141.0 0
161 107 62
106.0 155.0 0
112.0 155.0 0
113.0 141.0 0
1 2 1
104.0 233.0 0
94.0 239.0 0
113.0 239.0 0
121 51 55
112.0 237.0 0
104.0 233.0 0
113.0 239.0 0
170 101 68
94.0 239.0 0
94.0 253.0 0
113.0 253.0 0
226 166 122
113.0 239.0 0
94.0 239.0 0
113.0 253.0 0
196 76 51
107.0 114.0 0
109.0 130.0 0
116.0 115.0 0
251 215 160
110.0 112.0 0
107.0 114.0 0
116.0 115.0 0
213 199 193
94.0 253.0 0
104.0 278.0 0
116.0 267.0 0
226 146 115
113.0 253.0 0
94.0 253.0 0
116.0 267.0 0
252 179 134
79.0 0.0 0
92.0 14.0 0
117.0 0.0 0
255 255 255
111.0 109.0 0
110.0 112.0 0
117.0 111.0 0
246 224 200
110.0 112.0 0
116.0 115.0 0
117.0 111.0 0
124 123 90
92.0 14.0 0
113.0 67.0 0
118.0 10.0 0
254 234 204
117.0 0.0 0
92.0 14.0 0
118.0 10.0 0
255 255 255
104.0 278.0 0
110.0 291.0 0
118.0 283.0 0
176 73 68
116.0 267.0 0
104.0 278.0 0
118.0 283.0 0
246 188 137
110.0 291.0 0
112.0 300.0 0
118.0 283.0 0
163 98 80
112.0 300.0 0
103.0 309.0 0
120.0 308.0 0
35 26 31
118.0 10.0 0
113.0 67.0 0
122.0 67.0 0
254 238 212
113.0 67.0 0
111.0 83.0 0
122.0 67.0 0
52 57 105
116.0 267.0 0
118.0 283.0 0
122.0 282.0 0
229 173 126
103.0 309.0 0
104.0 322.0 0
122.0 315.0 0
147 117 115
120.0 308.0 0
103.0 309.0 0
122.0 315.0 0
140 106 97
117.0 0.0 0
118.0 10.0 0
123.0 10.0 0
255 255 255
113.0 141.0 0
112.0 155.0 0
123.0 150.0 0
114 48 41
104.0 427.0 0
104.0 449.0 0
123.0 434.0 0
0 0 0
104.0 449.0 0
121.0 449.0 0
123.0 434.0 0
255 255 255
113.0 96.0 0
111.0 109.0 0
124.0 104.0 0
248 227 204
111.0 109.0 0
117.0 111.0 0
124.0 104.0 0
155 138 119
103.0 200.0 0
107.0 205.0 0
124.0 201.0 0
226 192 154
103.0 181.0 0
101.0 184.0 0
124.0 201.0 0
204 144 112
101.0 184.0 0
103.0 200.0 0
124.0 201.0 0
212 192 162
104.0 325.0 0
106.0 340.0 0
124.0 324.0 0
225 170 152
104.0 322.0 0
104.0 325.0 0
124.0 324.0 0
204 170 150
122.0 315.0 0
104.0 322.0 0
124.0 324.0 0
202 180 160
117.0 111.0 0
116.0 115.0 0
125.0 120.0 0
154 120 121
124.0 104.0 0
117.0 111.0 0
125.0 120.0 0
88 94 125
109.0 130.0 0
113.0 141.0 0
125.0 120.0 0
76 11 13
116.0 115.0 0
109.0 130.0 0
125.0 120.0 0
89 43 40
105.0 221.0 0
112.0 237.0 0
125.0 230.0 0
221 184 137
112.0 237.0 0
113.0 239.0 0
125.0 230.0 0
246 171 124
105.0 221.0 0
125.0 230.0 0
126.0 225.0 0
228 180 122
107.0 205.0 0
105.0 221.0 0
126.0 225.0 0
72 46 45
124.0 201.0 0
107.0 205.0 0
126.0 225.0 0
228 200 164
113.0 253.0 0
116.0 267.0 0
126.0 251.0 0
181 129 104
113.0 239.0 0
113.0 253.0 0
126.0 251.0 0
71 9 18
112.0 300.0 0
120.0 308.0 0
126.0 284.0 0
3 1 4
118.0 283.0 0
112.0 300.0 0
126.0 284.0 0
129 70 75
122.0 282.0 0
118.0 283.0 0
126.0 284.0 0
191 67 61
117.0 0.0 0
123.0 10.0 0
127.0 0.0 0
255 255 255
126.0 251.0 0
116.0 267.0 0
128.0 267.0 0
230 185 146
116.0 267.0 0
122.0 282.0 0
128.0 267.0 0
239 208 168
106.0 163.0 0
103.0 181.0 0
129.0 182.0 0
240 181 135
103.0 181.0 0
124.0 201.0 0
129.0 182.0 0
253 196 141
112.0 155.0 0
106.0 163.0 0
129.0 182.0 0
253 202 153
123.0 150.0 0
112.0 155.0 0
129.0 182.0 0
254 206 155
122.0 282.0 0
126.0 284.0 0
129.0 268.0 0
228 150 117
128.0 267.0 0
122.0 282.0 0
129.0 268.0 0
213 74 50
127.0 0.0 0
123.0 10.0 0
130.0 0.0 0
255 255 255
113.0 96.0 0
124.0 104.0 0
130.0 103.0 0
250 229 210
129.0 182.0 0
124.0 201.0 0
131.0 186.0 0
223 205 156
125.0 230.0 0
113.0 239.0 0
131.0 242.0 0
221 181 149
113.0 239.0 0
126.0 251.0 0
131.0 242.0 0
253 222 177
118.0 10.0 0
122.0 67.0 0
132.0 64.0 0
254 239 218
123.0 10.0 0
118.0 10.0 0
132.0 64.0 0
253 235 213
132.0 64.0 0
122.0 67.0 0
132.0 79.0 0
52 55 112
111.0 83.0 0
113.0 96.0 0
132.0 79.0 0
251 230 207
113.0 96.0 0
130.0 103.0 0
132.0 79.0 0
254 240 221
122.0 67.0 0
111.0 83.0 0
132.0 79.0 0
254 235 213
104.0 427.0 0
123.0 434.0 0
132.0 426.0 0
0 0 0
96.0 367.0 0
97.0 423.0 0
132.0 426.0 0
0 0 0
97.0 423.0 0
104.0 427.0 0
132.0 426.0 0
0 0 0
124.0 104.0 0
125.0 120.0 0
133.0 112.0 0
73 82 116
130.0 103.0 0
124.0 104.0 0
133.0 112.0 0
97 93 132
129.0 182.0 0
131.0 186.0 0
133.0 184.0 0
129 37 31
126.0 225.0 0
125.0 230.0 0
133.0 225.0 0
71 20 17
130.0 103.0 0
133.0 112.0 0
134.0 104.0 0
104 112 139
124.0 201.0 0
126.0 225.0 0
135.0 214.0 0
211 149 110
126.0 225.0 0
133.0 225.0 0
135.0 214.0 0
191 157 130
135.0 214.0 0
133.0 225.0 0
136.0 224.0 0
121 74 46
129.0 268.0 0
126.0 284.0 0
136.0 285.0 0
219 152 107
136.0 224.0 0
133.0 225.0 0
137.0 238.0 0
84 66 53
125.0 230.0 0
131.0 242.0 0
137.0 238.0 0
193 105 65
133.0 225.0 0
125.0 230.0 0
137.0 238.0 0
181 143 98
113.0 141.0 0
123.0 150.0 0
138.0 145.0 0
110 26 18
125.0 120.0 0
113.0 141.0 0
138.0 145.0 0
249 200 146
130.0 0.0 0
123.0 10.0 0
139.0 10.0 0
255 255 255
123.0 10.0 0
132.0 64.0 0
139.0 10.0 0
254 234 203
134.0 104.0 0
133.0 112.0 0
140.0 107.0 0
102 106 135
133.0 184.0 0
131.0 186.0 0
141.0 190.0 0
140 51 38
124.0 201.0 0
135.0 214.0 0
141.0 201.0 0
241 111 72
131.0 186.0 0
124.0 201.0 0
141.0 201.0 0
229 187 126
141.0 190.0 0
131.0 186.0 0
141.0 201.0 0
204 160 124
126.0 284.0 0
120.0 308.0 0
141.0 301.0 0
0 0 1
136.0 285.0 0
126.0 284.0 0
141.0 301.0 0
3 1 12
120.0 308.0 0
122.0 315.0 0
141.0 309.0 0
0 0 0
141.0 301.0 0
120.0 308.0 0
141.0 309.0 0
0 0 1
122.0 315.0 0
124.0 324.0 0
141.0 309.0 0
0 0 1
141.0 309.0 0
124.0 324.0 0
141.0 326.0 0
1 0 10
134.0 104.0 0
140.0 107.0 0
142.0 99.0 0
253 241 221
132.0 79.0 0
130.0 103.0 0
142.0 99.0 0
255 236 215
130.0 103.0 0
134.0 104.0 0
142.0 99.0 0
252 235 211
132.0 426.0 0
123.0 434.0 0
142.0 428.0 0
98 98 98
132.0 64.0 0
132.0 79.0 0
143.0 79.0 0
58 53 88
132.0 79.0 0
142.0 99.0 0
143.0 79.0 0
255 235 212
140.0 107.0 0
133.0 112.0 0
143.0 124.0 0
227 201 167
133.0 112.0 0
125.0 120.0 0
143.0 124.0 0
226 194 136
125.0 120.0 0
138.0 145.0 0
143.0 124.0 0
130 55 37
141.0 326.0 0
124.0 324.0 0
143.0 341.0 0
0 0 4
106.0 340.0 0
106.0 356.0 0
143.0 341.0 0
1 0 4
124.0 324.0 0
106.0 340.0 0
143.0 341.0 0
0 0 0
135.0 214.0 0
136.0 224.0 0
144.0 210.0 0
192 150 116
141.0 201.0 0
135.0 214.0 0
144.0 210.0 0
143 63 50
143.0 341.0 0
106.0 356.0 0
144.0 344.0 0
0 0 0
142.0 99.0 0
140.0 107.0 0
146.0 102.0 0
229 219 193
146.0 102.0 0
140.0 107.0 0
146.0 106.0 0
200 183 164
131.0 242.0 0
126.0 251.0 0
146.0 259.0 0
229 166 111
137.0 238.0 0
131.0 242.0 0
146.0 259.0 0
255 228 191
126.0 251.0 0
128.0 267.0 0
146.0 259.0 0
252 207 150
128.0 267.0 0
129.0 268.0 0
146.0 259.0 0
253 200 137
140.0 107.0 0
143.0 124.0 0
148.0 110.0 0
229 207 171
146.0 106.0 0
140.0 107.0 0
148.0 110.0 0
248 234 218
144.0 210.0 0
136.0 224.0 0
148.0 212.0 0
154 126 99
141.0 201.0 0
144.0 210.0 0
148.0 212.0 0
165 57 38
133.0 184.0 0
141.0 190.0 0
149.0 176.0 0
196 151 95
129.0 182.0 0
133.0 184.0 0
149.0 176.0 0
218 151 95
123.0 150.0 0
129.0 182.0 0
149.0 176.0 0
230 177 131
138.0 145.0 0
123.0 150.0 0
149.0 176.0 0
254 231 202
137.0 238.0 0
146.0 259.0 0
151.0 253.0 0
253 209 156
146.0 259.0 0
148.0 258.0 0
151.0 253.0 0
183 71 54
151.0 253.0 0
148.0 258.0 0
151.0 261.0 0
135 71 51
148.0 258.0 0
146.0 259.0 0
151.0 261.0 0
60 7 20
123.0 434.0 0
121.0 449.0 0
151.0 449.0 0
255 255 255
142.0 428.0 0
123.0 434.0 0
151.0 449.0 0
255 255 255
130.0 0.0 0
139.0 10.0 0
152.0 0.0 0
255 255 255
143.0 124.0 0
138.0 145.0 0
152.0 142.0 0
253 207 143
151.0 261.0 0
146.0 259.0 0
152.0 265.0 0
100 24 16
129.0 268.0 0
136.0 285.0 0
152.0 265.0 0
168 61 56
146.0 259.0 0
129.0 268.0 0
152.0 265.0 0
253 194 141
142.0 428.0 0
151.0 449.0 0
152.0 449.0 0
255 255 255
142.0 428.0 0
152.0 449.0 0
153.0 449.0 0
255 255 255
132.0 64.0 0
143.0 79.0 0
154.0 70.0 0
64 59 101
106.0 356.0 0
96.0 367.0 0
155.0 397.0 0
0 0 0
96.0 367.0 0
132.0 426.0 0
155.0 397.0 0
0 0 0
139.0 10.0 0
132.0 64.0 0
156.0 64.0 0
253 235 203
132.0 64.0 0
154.0 70.0 0
156.0 64.0 0
82 74 103
138.0 145.0 0
149.0 176.0 0
156.0 157.0 0
244 169 117
152.0 142.0 0
138.0 145.0 0
156.0 157.0 0
164 73 55
151.0 253.0 0
151.0 261.0 0
156.0 250.0 0
191 117 92
137.0 238.0 0
151.0 253.0 0
156.0 250.0 0
219 121 81
142.0 428.0 0
153.0 449.0 0
156.0 449.0 0
255 255 255
152.0 142.0 0
156.0 157.0 0
157.0 140.0 0
197 166 159
152.0 265.0 0
136.0 285.0 0
157.0 274.0 0
207 168 135
156.0 64.0 0
154.0 70.0 0
158.0 64.0 0
111 109 146
144.0 344.0 0
106.0 356.0 0
158.0 391.0 0
0 0 0
106.0 356.0 0
155.0 397.0 0
158.0 391.0 0
0 0 0
152.0 0.0 0
139.0 10.0 0
159.0 13.0 0
255 255 255
154.0 70.0 0
143.0 79.0 0
159.0 83.0 0
64 56 80
143.0 79.0 0
142.0 99.0 0
159.0 83.0 0
142 142 161
142.0 99.0 0
146.0 102.0 0
159.0 83.0 0
105 104 134
143.0 124.0 0
152.0 142.0 0
159.0 125.0 0
232 166 116
152.0 142.0 0
157.0 140.0 0
159.0 125.0 0
212 127 71
148.0 110.0 0
143.0 124.0 0
159.0 125.0 0
28 2 4
132.0 426.0 0
142.0 428.0 0
159.0 413.0 0
1 1 1
155.0 397.0 0
132.0 426.0 0
159.0 413.0 0
0 0 0
141.0 309.0 0
141.0 326.0 0
161.0 300.0 0
235 201 170
136.0 285.0 0
141.0 301.0 0
161.0 300.0 0
240 218 189
157.0 274.0 0
136.0 285.0 0
161.0 300.0 0
244 225 191
141.0 301.0 0
141.0 309.0 0
161.0 300.0 0
242 218 183
159.0 83.0 0
146.0 102.0 0
162.0 86.0 0
109 105 136
155.0 397.0 0
159.0 413.0 0
162.0 402.0 0
87 100 106
162.0 402.0 0
159.0 413.0 0
162.0 416.0 0
229 217 202
142.0 428.0 0
156.0 449.0 0
162.0 416.0 0
255 255 255
159.0 413.0 0
142.0 428.0 0
162.0 416.0 0
244 244 242
162.0 86.0 0
146.0 102.0 0
163.0 102.0 0
84 82 118
148.0 110.0 0
159.0 125.0 0
163.0 102.0 0
245 213 176
146.0 102.0 0
146.0 106.0 0
163.0 102.0 0
78 79 130
146.0 106.0 0
148.0 110.0 0
163.0 102.0 0
71 68 117
159.0 83.0 0
162.0 86.0 0
164.0 71.0 0
55 42 81
158.0 64.0 0
154.0 70.0 0
164.0 71.0 0
122 124 146
154.0 70.0 0
159.0 83.0 0
164.0 71.0 0
39 42 85
156.0 250.0 0
151.0 261.0 0
164.0 260.0 0
212 171 147
151.0 261.0 0
152.0 265.0 0
164.0 262.0 0
231 182 142
164.0 260.0 0
151.0 261.0 0
164.0 262.0 0
230 198 166
152.0 265.0 0
157.0 274.0 0
164.0 262.0 0
253 236 216
158.0 391.0 0
155.0 397.0 0
164.0 395.0 0
1 1 11
155.0 397.0 0
162.0 402.0 0
164.0 395.0 0
0 0 0
137.0 238.0 0
156.0 250.0 0
165.0 230.0 0
253 207 165
136.0 224.0 0
137.0 238.0 0
165.0 230.0 0
253 212 169
148.0 212.0 0
136.0 224.0 0
165.0 230.0 0
254 234 212
158.0 391.0 0
164.0 395.0 0
165.0 395.0 0
146 166 166
164.0 395.0 0
162.0 402.0 0
165.0 395.0 0
0 1 1
163.0 213.0 0
148.0 212.0 0
166.0 225.0 0
205 167 118
148.0 212.0 0
165.0 230.0 0
166.0 225.0 0
241 226 192
166.0 225.0 0
165.0 230.0 0
166.0 227.0 0
78 26 17
158.0 64.0 0
164.0 71.0 0
167.0 68.0 0
96 102 125
164.0 71.0 0
162.0 86.0 0
167.0 68.0 0
5 0 7
162.0 86.0 0
163.0 102.0 0
167.0 99.0 0
21 13 29
157.0 140.0 0
156.0 157.0 0
167.0 136.0 0
163 121 105
159.0 125.0 0
157.0 140.0 0
167.0 136.0 0
218 213 155
141.0 201.0 0
148.0 212.0 0
167.0 201.0 0
207 84 62
148.0 212.0 0
163.0 213.0 0
167.0 201.0 0
244 202 135
141.0 190.0 0
141.0 201.0 0
167.0 201.0 0
206 156 108
149.0 176.0 0
141.0 190.0 0
169.0 186.0 0
254 215 171
141.0 190.0 0
167.0 201.0 0
169.0 186.0 0
231 163 100
157.0 274.0 0
161.0 300.0 0
170.0 276.0 0
239 219 178
164.0 262.0 0
157.0 274.0 0
170.0 276.0 0
246 221 194
166.0 225.0 0
166.0 227.0 0
171.0 232.0 0
56 1 8
166.0 227.0 0
165.0 230.0 0
171.0 232.0 0
62 4 7
165.0 230.0 0
156.0 250.0 0
171.0 232.0 0
105 16 25
158.0 64.0 0
167.0 68.0 0
173.0 40.0 0
239 219 185
156.0 64.0 0
158.0 64.0 0
173.0 40.0 0
245 205 162
139.0 10.0 0
156.0 64.0 0
173.0 40.0 0
254 234 210
159.0 13.0 0
139.0 10.0 0
173.0 40.0 0
254 234 200
156.0 157.0 0
149.0 176.0 0
173.0 175.0 0
254 193 135
149.0 176.0 0
169.0 186.0 0
173.0 175.0 0
246 155 98
165.0 395.0 0
162.0 402.0 0
173.0 396.0 0
0 0 2
165.0 395.0 0
173.0 396.0 0
174.0 390.0 0
228 213 192
158.0 391.0 0
165.0 395.0 0
175.0 386.0 0
241 218 196
165.0 395.0 0
174.0 390.0 0
175.0 386.0 0
221 182 156
163.0 213.0 0
166.0 225.0 0
176.0 214.0 0
252 226 203
167.0 201.0 0
163.0 213.0 0
176.0 214.0 0
238 189 133
144.0 344.0 0
158.0 391.0 0
177.0 379.0 0
229 214 181
158.0 391.0 0
175.0 386.0 0
177.0 379.0 0
229 203 179
173.0 396.0 0
162.0 402.0 0
177.0 400.0 0
55 48 58
162.0 402.0 0
162.0 416.0 0
177.0 410.0 0
247 228 207
177.0 400.0 0
162.0 402.0 0
177.0 410.0 0
233 213 199
169.0 186.0 0
167.0 201.0 0
178.0 189.0 0
249 213 168
175.0 386.0 0
174.0 390.0 0
178.0 395.0 0
200 179 161
174.0 390.0 0
173.0 396.0 0
178.0 395.0 0
219 204 169
173.0 396.0 0
177.0 400.0 0
178.0 395.0 0
48 38 60
173.0 175.0 0
169.0 186.0 0
179.0 187.0 0
253 226 176
169.0 186.0 0
178.0 189.0 0
179.0 187.0 0
249 219 170
176.0 214.0 0
166.0 225.0 0
179.0 216.0 0
53 2 6
144.0 344.0 0
177.0 379.0 0
179.0 375.0 0
245 224 203
156.0 157.0 0
173.0 175.0 0
181.0 159.0 0
253 194 155
181.0 156.0 0
156.0 157.0 0
181.0 159.0 0
253 195 147
173.0 175.0 0
179.0 187.0 0
181.0 176.0 0
250 221 154
181.0 159.0 0
173.0 175.0 0
181.0 176.0 0
189 130 85
179.0 375.0 0
177.0 379.0 0
181.0 377.0 0
195 182 165
177.0 379.0 0
175.0 386.0 0
181.0 377.0 0
163 144 106
177.0 138.0 0
167.0 136.0 0
182.0 150.0 0
194 85 55
167.0 136.0 0
156.0 157.0 0
182.0 150.0 0
208 140 86
156.0 157.0 0
181.0 156.0 0
182.0 150.0 0
253 199 143
156.0 250.0 0
164.0 260.0 0
182.0 250.0 0
216 176 146
171.0 232.0 0
156.0 250.0 0
182.0 250.0 0
144 14 20
164.0 260.0 0
164.0 262.0 0
182.0 250.0 0
242 209 192
164.0 262.0 0
170.0 276.0 0
182.0 250.0 0
245 207 181
171.0 232.0 0
182.0 250.0 0
183.0 226.0 0
136 18 13
166.0 225.0 0
171.0 232.0 0
183.0 226.0 0
218 66 46
179.0 216.0 0
166.0 225.0 0
183.0 226.0 0
104 18 22
144.0 344.0 0
179.0 375.0 0
183.0 364.0 0
229 203 173
159.0 125.0 0
167.0 136.0 0
185.0 113.0 0
70 21 24
167.0 136.0 0
177.0 138.0 0
185.0 113.0 0
134 44 37
163.0 102.0 0
159.0 125.0 0
185.0 113.0 0
47 10 14
167.0 99.0 0
163.0 102.0 0
185.0 113.0 0
42 15 34
176.0 214.0 0
179.0 216.0 0
185.0 210.0 0
156 28 26
167.0 201.0 0
176.0 214.0 0
185.0 210.0 0
236 222 198
178.0 189.0 0
167.0 201.0 0
185.0 210.0 0
87 52 49
179.0 216.0 0
183.0 226.0 0
186.0 222.0 0
170 40 32
185.0 210.0 0
179.0 216.0 0
186.0 222.0 0
201 53 40
185.0 210.0 0
186.0 222.0 0
188.0 210.0 0
249 88 51
179.0 375.0 0
181.0 377.0 0
188.0 376.0 0
180 162 137
175.0 386.0 0
178.0 395.0 0
188.0 376.0 0
225 210 187
181.0 377.0 0
175.0 386.0 0
188.0 376.0 0
164 152 128
167.0 99.0 0
185.0 113.0 0
189.0 96.0 0
212 176 149
167.0 68.0 0
162.0 86.0 0
189.0 96.0 0
223 204 198
162.0 86.0 0
167.0 99.0 0
189.0 96.0 0
231 196 177
178.0 189.0 0
185.0 210.0 0
189.0 195.0 0
235 219 183
185.0 210.0 0
188.0 210.0 0
189.0 195.0 0
180 37 29
179.0 187.0 0
178.0 189.0 0
189.0 195.0 0
246 228 180
183.0 364.0 0
179.0 375.0 0
189.0 375.0 0
173 160 121
179.0 375.0 0
188.0 376.0 0
189.0 375.0 0
230 213 185
188.0 362.0 0
183.0 364.0 0
189.0 375.0 0
203 187 176
144.0 344.0 0
183.0 364.0 0
190.0 349.0 0
254 236 217
183.0 364.0 0
188.0 362.0 0
190.0 349.0 0
181 177 134
143.0 341.0 0
144.0 344.0 0
190.0 349.0 0
254 236 214
141.0 326.0 0
143.0 341.0 0
190.0 349.0 0
251 229 195
161.0 300.0 0
141.0 326.0 0
190.0 349.0 0
254 233 211
181.0 176.0 0
179.0 187.0 0
191.0 181.0 0
205 184 164
179.0 187.0 0
189.0 195.0 0
191.0 181.0 0
254 238 219
181.0 156.0 0
181.0 159.0 0
192.0 154.0 0
229 151 105
182.0 150.0 0
181.0 156.0 0
192.0 154.0 0
204 143 117
185.0 113.0 0
177.0 138.0 0
193.0 123.0 0
76 43 34
190.0 115.0 0
185.0 113.0 0
193.0 123.0 0
31 0 1
193.0 123.0 0
177.0 138.0 0
195.0 127.0 0
208 173 133
182.0 250.0 0
170.0 276.0 0
195.0 248.0 0
254 241 214
183.0 226.0 0
182.0 250.0 0
195.0 248.0 0
238 75 52
186.0 222.0 0
183.0 226.0 0
195.0 248.0 0
251 96 70
189.0 96.0 0
185.0 113.0 0
196.0 101.0 0
203 180 113
185.0 113.0 0
190.0 115.0 0
196.0 101.0 0
110 55 37
182.0 150.0 0
192.0 154.0 0
196.0 145.0 0
244 205 157
177.0 138.0 0
182.0 150.0 0
196.0 145.0 0
163 91 60
195.0 127.0 0
177.0 138.0 0
196.0 145.0 0
226 177 128
190.0 349.0 0
188.0 362.0 0
196.0 349.0 0
130 121 96
196.0 101.0 0
190.0 115.0 0
197.0 112.0 0
138 87 66
193.0 123.0 0
195.0 127.0 0
197.0 127.0 0
37 11 13
193.0 123.0 0
197.0 127.0 0
199.0 121.0 0
66 34 34
190.0 115.0 0
193.0 123.0 0
199.0 121.0 0
90 42 46
197.0 112.0 0
190.0 115.0 0
199.0 121.0 0
117 74 58
192.0 154.0 0
181.0 159.0 0
199.0 164.0 0
25 15 11
199.0 162.0 0
192.0 154.0 0
199.0 164.0 0
8 0 4
181.0 159.0 0
181.0 176.0 0
199.0 164.0 0
52 24 35
181.0 176.0 0
191.0 181.0 0
199.0 164.0 0
1 0 6
189.0 195.0 0
188.0 210.0 0
199.0 207.0 0
249 230 208
188.0 210.0 0
186.0 222.0 0
199.0 207.0 0
228 64 43
159.0 13.0 0
173.0 40.0 0
200.0 0.0 0
255 255 255
152.0 0.0 0
159.0 13.0 0
200.0 0.0 0
255 255 255
196.0 145.0 0
192.0 154.0 0
200.0 151.0 0
66 46 39
192.0 154.0 0
199.0 162.0 0
200.0 151.0 0
241 209 161
199.0 162.0 0
199.0 164.0 0
200.0 164.0 0
0 0 1
199.0 121.0 0
197.0 127.0 0
201.0 139.0 0
113 38 37
195.0 127.0 0
196.0 145.0 0
201.0 139.0 0
237 200 154
197.0 127.0 0
195.0 127.0 0
201.0 139.0 0
241 195 147
199.0 162.0 0
200.0 164.0 0
201.0 164.0 0
145 145 147
162.0 416.0 0
156.0 449.0 0
201.0 449.0 0
255 255 255
177.0 410.0 0
162.0 416.0 0
201.0 449.0 0
255 255 255
200.0 0.0 0
173.0 40.0 0
202.0 0.0 0
255 255 255
170.0 276.0 0
161.0 300.0 0
202.0 309.0 0
250 230 195
202.0 309.0 0
161.0 300.0 0
202.0 320.0 0
240 226 189
161.0 300.0 0
190.0 349.0 0
202.0 323.0 0
245 227 193
202.0 320.0 0
161.0 300.0 0
202.0 323.0 0
254 236 213
202.0 309.0 0
202.0 320.0 0
203.0 318.0 0
49 38 18
202.0 320.0 0
202.0 323.0 0
203.0 322.0 0
55 33 34
203.0 318.0 0
202.0 320.0 0
203.0 322.0 0
42 31 27
196.0 349.0 0
188.0 362.0 0
203.0 352.0 0
184 165 135
196.0 101.0 0
197.0 112.0 0
204.0 105.0 0
151 120 94
197.0 112.0 0
199.0 121.0 0
204.0 105.0 0
63 23 18
199.0 121.0 0
201.0 139.0 0
204.0 142.0 0
254 225 173
196.0 145.0 0
200.0 151.0 0
204.0 142.0 0
170 147 106
201.0 139.0 0
196.0 145.0 0
204.0 142.0 0
184 142 102
202.0 0.0 0
173.0 40.0 0
205.0 0.0 0
255 255 255
204.0 105.0 0
199.0 121.0 0
205.0 104.0 0
152 119 108
196.0 101.0 0
204.0 105.0 0
205.0 104.0 0
98 69 57
200.0 164.0 0
199.0 164.0 0
205.0 167.0 0
4 1 0
199.0 164.0 0
191.0 181.0 0
205.0 167.0 0
0 0 0
201.0 164.0 0
200.0 164.0 0
205.0 167.0 0
3 0 0
205.0 166.0 0
201.0 164.0 0
205.0 167.0 0
2 3 5
186.0 222.0 0
195.0 248.0 0
205.0 208.0 0
239 76 56
199.0 207.0 0
186.0 222.0 0
205.0 208.0 0
248 85 54
191.0 181.0 0
189.0 195.0 0
205.0 208.0 0
0 0 0
189.0 195.0 0
199.0 207.0 0
205.0 208.0 0
0 1 0
203.0 322.0 0
202.0 323.0 0
205.0 340.0 0
15 5 23
196.0 349.0 0
203.0 352.0 0
205.0 340.0 0
241 226 203
190.0 349.0 0
196.0 349.0 0
205.0 340.0 0
182 160 125
202.0 323.0 0
190.0 349.0 0
205.0 340.0 0
178 164 139
188.0 362.0 0
189.0 375.0 0
206.0 377.0 0
252 229 209
203.0 352.0 0
188.0 362.0 0
206.0 377.0 0
249 231 210
189.0 375.0 0
188.0 376.0 0
206.0 377.0 0
251 229 211
189.0 96.0 0
196.0 101.0 0
207.0 99.0 0
216 203 167
196.0 101.0 0
205.0 104.0 0
207.0 99.0 0
102 79 65
173.0 40.0 0
167.0 68.0 0
207.0 99.0 0
255 255 255
167.0 68.0 0
189.0 96.0 0
207.0 99.0 0
255 255 255
205.0 166.0 0
205.0 167.0 0
210.0 154.0 0
255 255 255
201.0 164.0 0
205.0 166.0 0
210.0 154.0 0
255 255 255
200.0 151.0 0
199.0 162.0 0
210.0 154.0 0
199 180 156
199.0 162.0 0
201.0 164.0 0
210.0 154.0 0
254 255 255
203.0 352.0 0
206.0 377.0 0
210.0 378.0 0
15 14 35
204.0 142.0 0
200.0 151.0 0
211.0 149.0 0
244 219 197
200.0 151.0 0
210.0 154.0 0
211.0 149.0 0
181 145 115
207.0 99.0 0
205.0 104.0 0
211.0 149.0 0
183 145 91
199.0 121.0 0
204.0 142.0 0
211.0 149.0 0
254 230 184
205.0 104.0 0
199.0 121.0 0
211.0 149.0 0
107 76 42
205.0 0.0 0
173.0 40.0 0
212.0 0.0 0
255 255 255
178.0 395.0 0
177.0 400.0 0
214.0 395.0 0
251 232 210
188.0 376.0 0
178.0 395.0 0
214.0 395.0 0
251 230 206
206.0 377.0 0
188.0 376.0 0
214.0 395.0 0
252 233 214
210.0 378.0 0
206.0 377.0 0
215.0 392.0 0
138 124 109
206.0 377.0 0
214.0 395.0 0
215.0 392.0 0
206 201 199
215.0 392.0 0
214.0 395.0 0
215.0 393.0 0
132 97 93
215.0 393.0 0
214.0 395.0 0
216.0 403.0 0
69 69 74
177.0 400.0 0
177.0 410.0 0
216.0 403.0 0
234 222 199
214.0 395.0 0
177.0 400.0 0
216.0 403.0 0
252 236 212
177.0 410.0 0
201.0 449.0 0
216.0 403.0 0
255 255 255
195.0 248.0 0
170.0 276.0 0
217.0 273.0 0
247 230 202
170.0 276.0 0
202.0 309.0 0
217.0 273.0 0
249 230 198
202.0 309.0 0
203.0 318.0 0
219.0 304.0 0
1 0 10
217.0 273.0 0
202.0 309.0 0
219.0 304.0 0
15 23 67
173.0 40.0 0
207.0 99.0 0
222.0 0.0 0
255 255 255
212.0 0.0 0
173.0 40.0 0
222.0 0.0 0
255 255 255
201.0 449.0 0
212.0 449.0 0
224.0 409.0 0
255 255 255
216.0 403.0 0
201.0 449.0 0
224.0 409.0 0
255 255 255
210.0 154.0 0
205.0 167.0 0
225.0 193.0 0
255 255 255
205.0 167.0 0
191.0 181.0 0
225.0 193.0 0
0 0 0
191.0 181.0 0
205.0 208.0 0
225.0 193.0 0
0 0 0
224.0 409.0 0
212.0 449.0 0
227.0 410.0 0
255 255 255
210.0 378.0 0
215.0 392.0 0
228.0 386.0 0
0 0 0
216.0 403.0 0
224.0 409.0 0
228.0 390.0 0
5 4 12
215.0 393.0 0
216.0 403.0 0
228.0 390.0 0
1 0 7
215.0 392.0 0
215.0 393.0 0
228.0 390.0 0
0 0 0
228.0 386.0 0
215.0 392.0 0
228.0 390.0 0
0 0 21
205.0 208.0 0
195.0 248.0 0
229.0 245.0 0
4 0 8
195.0 248.0 0
217.0 273.0 0
229.0 245.0 0
12 8 32
203.0 318.0 0
203.0 322.0 0
231.0 319.0 0
7 5 43
219.0 304.0 0
203.0 318.0 0
231.0 319.0 0
6 9 47
203.0 322.0 0
205.0 340.0 0
231.0 319.0 0
8 9 35
228.0 390.0 0
224.0 409.0 0
231.0 408.0 0
0 0 1
224.0 409.0 0
227.0 410.0 0
231.0 408.0 0
63 44 57
227.0 410.0 0
229.0 410.0 0
231.0 408.0 0
12 21 28
228.0 386.0 0
228.0 390.0 0
232.0 389.0 0
58 65 88
228.0 390.0 0
231.0 408.0 0
232.0 389.0 0
84 86 77
217.0 273.0 0
219.0 304.0 0
235.0 264.0 0
38 38 89
219.0 304.0 0
231.0 319.0 0
235.0 264.0 0
22 35 69
229.0 245.0 0
217.0 273.0 0
235.0 264.0 0
1 0 5
231.0 246.0 0
229.0 245.0 0
235.0 264.0 0
20 19 50
210.0 154.0 0
225.0 193.0 0
236.0 193.0 0
255 255 255
236.0 193.0 0
225.0 193.0 0
236.0 197.0 0
92 111 151
231.0 408.0 0
229.0 410.0 0
237.0 408.0 0
50 55 72
236.0 193.0 0
236.0 197.0 0
238.0 193.0 0
85 95 107
211.0 149.0 0
210.0 154.0 0
238.0 193.0 0
255 255 255
210.0 154.0 0
236.0 193.0 0
238.0 193.0 0
255 255 255
232.0 389.0 0
231.0 408.0 0
238.0 390.0 0
27 23 49
231.0 408.0 0
237.0 408.0 0
238.0 390.0 0
35 29 58
228.0 386.0 0
232.0 389.0 0
239.0 379.0 0
1 2 21
232.0 389.0 0
238.0 390.0 0
239.0 379.0 0
0 0 0
203.0 352.0 0
210.0 378.0 0
239.0 379.0 0
26 31 70
210.0 378.0 0
228.0 386.0 0
239.0 379.0 0
26 21 43
238.0 193.0 0
236.0 197.0 0
240.0 205.0 0
23 25 58
225.0 193.0 0
205.0 208.0 0
240.0 205.0 0
0 0 0
236.0 197.0 0
225.0 193.0 0
240.0 205.0 0
18 33 54
229.0 245.0 0
231.0 246.0 0
240.0 220.0 0
1 0 37
205.0 208.0 0
229.0 245.0 0
240.0 220.0 0
0 0 0
240.0 205.0 0
205.0 208.0 0
240.0 220.0 0
10 10 30
237.0 408.0 0
229.0 410.0 0
244.0 449.0 0
255 255 255
227.0 410.0 0
212.0 449.0 0
244.0 449.0 0
255 255 255
229.0 410.0 0
227.0 410.0 0
244.0 449.0 0
255 255 255
240.0 205.0 0
240.0 220.0 0
246.0 210.0 0
75 83 130
231.0 319.0 0
205.0 340.0 0
248.0 343.0 0
0 0 32
205.0 340.0 0
203.0 352.0 0
248.0 343.0 0
6 4 39
203.0 352.0 0
239.0 379.0 0
248.0 343.0 0
1 0 14
238.0 193.0 0
240.0 205.0 0
251.0 200.0 0
28 49 84
240.0 205.0 0
246.0 210.0 0
251.0 200.0 0
17 13 50
222.0 0.0 0
207.0 99.0 0
257.0 0.0 0
255 255 255
211.0 149.0 0
238.0 193.0 0
257.0 199.0 0
255 255 255
238.0 193.0 0
251.0 200.0 0
257.0 199.0 0
16 14 51
251.0 200.0 0
246.0 210.0 0
257.0 199.0 0
10 26 60
257.0 0.0 0
207.0 99.0 0
258.0 0.0 0
255 255 255
231.0 319.0 0
248.0 343.0 0
258.0 336.0 0
0 0 18
246.0 210.0 0
240.0 220.0 0
262.0 235.0 0
32 27 77
240.0 220.0 0
231.0 246.0 0
262.0 235.0 0
40 36 66
258.0 336.0 0
248.0 343.0 0
263.0 345.0 0
35 52 84
237.0 408.0 0
244.0 449.0 0
264.0 449.0 0
255 255 255
257.0 199.0 0
246.0 210.0 0
265.0 201.0 0
11 10 44
231.0 246.0 0
235.0 264.0 0
265.0 259.0 0
0 0 1
262.0 235.0 0
231.0 246.0 0
265.0 259.0 0
1 1 21
248.0 343.0 0
239.0 379.0 0
267.0 358.0 0
9 34 58
263.0 345.0 0
248.0 343.0 0
267.0 358.0 0
104 105 113
258.0 336.0 0
263.0 345.0 0
269.0 335.0 0
24 45 65
246.0 210.0 0
262.0 235.0 0
270.0 205.0 0
7 9 63
265.0 201.0 0
246.0 210.0 0
270.0 205.0 0
24 33 73
263.0 345.0 0
267.0 358.0 0
278.0 350.0 0
0 0 0
269.0 335.0 0
263.0 345.0 0
278.0 350.0 0
0 0 0
258.0 336.0 0
269.0 335.0 0
280.0 326.0 0
0 0 0
270.0 205.0 0
262.0 235.0 0
282.0 232.0 0
7 18 59
262.0 235.0 0
265.0 259.0 0
282.0 237.0 0
3 14 56
282.0 232.0 0
262.0 235.0 0
282.0 237.0 0
182 189 197
269.0 335.0 0
278.0 350.0 0
282.0 342.0 0
0 0 0
278.0 350.0 0
267.0 358.0 0
282.0 365.0 0
199 194 198
239.0 379.0 0
238.0 390.0 0
282.0 365.0 0
189 187 185
267.0 358.0 0
239.0 379.0 0
282.0 365.0 0
255 255 255
238.0 390.0 0
237.0 408.0 0
282.0 365.0 0
255 255 255
280.0 326.0 0
269.0 335.0 0
283.0 339.0 0
0 0 0
269.0 335.0 0
282.0 342.0 0
283.0 339.0 0
0 0 0
283.0 339.0 0
282.0 342.0 0
283.0 344.0 0
6 2 26
282.0 342.0 0
278.0 350.0 0
283.0 344.0 0
0 0 18
278.0 350.0 0
282.0 365.0 0
283.0 344.0 0
18 24 32
280.0 326.0 0
283.0 339.0 0
284.0 329.0 0
63 85 105
231.0 319.0 0
258.0 336.0 0
286.0 308.0 0
41 54 79
258.0 336.0 0
280.0 326.0 0
286.0 308.0 0
0 0 0
235.0 264.0 0
231.0 319.0 0
286.0 308.0 0
1 4 36
265.0 259.0 0
235.0 264.0 0
286.0 308.0 0
1 0 12
282.0 232.0 0
282.0 237.0 0
287.0 224.0 0
41 63 102
270.0 205.0 0
282.0 232.0 0
287.0 224.0 0
12 17 50
286.0 308.0 0
280.0 326.0 0
287.0 312.0 0
3 9 24
237.0 408.0 0
264.0 449.0 0
288.0 449.0 0
255 255 255
282.0 365.0 0
237.0 408.0 0
288.0 449.0 0
255 255 255
280.0 326.0 0
284.0 329.0 0
290.0 322.0 0
169 179 190
287.0 312.0 0
280.0 326.0 0
290.0 322.0 0
120 141 163
265.0 259.0 0
286.0 308.0 0
291.0 300.0 0
0 0 26
287.0 312.0 0
290.0 322.0 0
291.0 316.0 0
1 0 4
270.0 205.0 0
287.0 224.0 0
293.0 212.0 0
6 8 51
265.0 201.0 0
270.0 205.0 0
293.0 212.0 0
5 10 45
291.0 300.0 0
286.0 308.0 0
293.0 307.0 0
245 249 247
286.0 308.0 0
287.0 312.0 0
293.0 308.0 0
233 233 231
293.0 307.0 0
286.0 308.0 0
293.0 308.0 0
255 255 255
287.0 312.0 0
291.0 316.0 0
293.0 308.0 0
0 0 0
291.0 316.0 0
290.0 322.0 0
293.0 323.0 0
98 117 151
290.0 322.0 0
284.0 329.0 0
293.0 323.0 0
254 254 253
293.0 308.0 0
291.0 316.0 0
294.0 307.0 0
0 0 0
291.0 316.0 0
293.0 323.0 0
294.0 307.0 0
0 0 5
293.0 307.0 0
293.0 308.0 0
294.0 307.0 0
12 17 2
293.0 307.0 0
294.0 307.0 0
296.0 302.0 0
143 151 127
291.0 300.0 0
293.0 307.0 0
296.0 302.0 0
255 255 255
296.0 301.0 0
291.0 300.0 0
296.0 302.0 0
255 255 255
283.0 339.0 0
283.0 344.0 0
296.0 330.0 0
255 255 255
284.0 329.0 0
283.0 339.0 0
296.0 330.0 0
255 255 255
293.0 323.0 0
284.0 329.0 0
296.0 330.0 0
255 255 255
291.0 300.0 0
296.0 301.0 0
297.0 299.0 0
255 255 255
296.0 301.0 0
296.0 302.0 0
297.0 302.0 0
148 132 122
297.0 299.0 0
296.0 301.0 0
297.0 302.0 0
158 149 119
296.0 302.0 0
294.0 307.0 0
297.0 302.0 0
158 149 137
265.0 259.0 0
291.0 300.0 0
301.0 285.0 0
4 6 35
291.0 300.0 0
297.0 299.0 0
301.0 285.0 0
212 209 215
297.0 299.0 0
297.0 302.0 0
303.0 297.0 0
240 243 241
301.0 285.0 0
297.0 299.0 0
303.0 297.0 0
249 249 254
293.0 323.0 0
296.0 330.0 0
305.0 331.0 0
243 243 240
296.0 330.0 0
283.0 344.0 0
306.0 336.0 0
255 255 255
305.0 331.0 0
296.0 330.0 0
306.0 336.0 0
248 247 247
283.0 344.0 0
282.0 365.0 0
306.0 336.0 0
255 255 255
287.0 224.0 0
282.0 237.0 0
308.0 237.0 0
0 0 15
293.0 212.0 0
287.0 224.0 0
308.0 237.0 0
25 47 80
301.0 285.0 0
303.0 297.0 0
310.0 288.0 0
140 146 167
282.0 237.0 0
265.0 259.0 0
311.0 270.0 0
1 2 36
265.0 259.0 0
301.0 285.0 0
311.0 270.0 0
37 59 91
310.0 288.0 0
303.0 297.0 0
311.0 296.0 0
0 0 0
305.0 331.0 0
306.0 336.0 0
311.0 331.0 0
96 103 129
301.0 285.0 0
310.0 288.0 0
312.0 276.0 0
112 127 160
311.0 270.0 0
301.0 285.0 0
312.0 276.0 0
26 29 61
308.0 237.0 0
282.0 237.0 0
314.0 260.0 0
23 27 64
282.0 237.0 0
311.0 270.0 0
314.0 260.0 0
37 56 87
311.0 331.0 0
306.0 336.0 0
314.0 330.0 0
45 56 80
305.0 331.0 0
311.0 331.0 0
315.0 328.0 0
89 107 137
311.0 331.0 0
314.0 330.0 0
315.0 328.0 0
84 91 120
294.0 307.0 0
293.0 323.0 0
315.0 328.0 0
195 187 203
293.0 323.0 0
305.0 331.0 0
315.0 328.0 0
255 255 255
311.0 270.0 0
312.0 276.0 0
316.0 268.0 0
117 135 159
314.0 260.0 0
311.0 270.0 0
316.0 268.0 0
94 93 93
310.0 288.0 0
311.0 296.0 0
318.0 299.0 0
5 1 4
316.0 268.0 0
312.0 276.0 0
320.0 270.0 0
112 95 64
314.0 260.0 0
316.0 268.0 0
320.0 270.0 0
106 80 73
318.0 299.0 0
311.0 296.0 0
322.0 308.0 0
160 145 151
294.0 307.0 0
315.0 328.0 0
322.0 308.0 0
255 255 255
297.0 302.0 0
294.0 307.0 0
322.0 308.0 0
0 0 1
303.0 297.0 0
297.0 302.0 0
322.0 308.0 0
0 2 15
311.0 296.0 0
303.0 297.0 0
322.0 308.0 0
255 255 255
318.0 299.0 0
322.0 308.0 0
323.0 305.0 0
169 180 199
332.0 0.0 0
258.0 0.0 0
332.0 25.0 0
255 255 255
332.0 25.0 0
258.0 0.0 0
332.0 35.0 0
255 255 255
258.0 0.0 0
207.0 99.0 0
332.0 86.0 0
255 255 255
332.0 35.0 0
258.0 0.0 0
332.0 86.0 0
255 255 255
332.0 86.0 0
207.0 99.0 0
332.0 103.0 0
255 255 255
207.0 99.0 0
211.0 149.0 0
332.0 122.0 0
255 255 255
332.0 103.0 0
207.0 99.0 0
332.0 122.0 0
255 255 255
211.0 149.0 0
257.0 199.0 0
332.0 145.0 0
255 255 255
332.0 122.0 0
211.0 149.0 0
332.0 145.0 0
255 255 255
257.0 199.0 0
265.0 201.0 0
332.0 145.0 0
255 255 255
265.0 201.0 0
293.0 212.0 0
332.0 183.0 0
255 255 255
332.0 145.0 0
265.0 201.0 0
332.0 183.0 0
255 255 255
293.0 212.0 0
308.0 237.0 0
332.0 221.0 0
255 255 255
332.0 183.0 0
293.0 212.0 0
332.0 221.0 0
255 255 255
308.0 237.0 0
314.0 260.0 0
332.0 235.0 0
255 255 255
332.0 221.0 0
308.0 237.0 0
332.0 235.0 0
255 255 255
314.0 260.0 0
320.0 270.0 0
332.0 259.0 0
255 255 255
332.0 235.0 0
314.0 260.0 0
332.0 259.0 0
255 255 255
332.0 259.0 0
320.0 270.0 0
332.0 285.0 0
255 255 255
312.0 276.0 0
310.0 288.0 0
332.0 285.0 0
0 0 0
320.0 270.0 0
312.0 276.0 0
332.0 285.0 0
164 164 164
310.0 288.0 0
318.0 299.0 0
332.0 287.0 0
183 182 185
332.0 285.0 0
310.0 288.0 0
332.0 287.0 0
255 255 255
332.0 287.0 0
318.0 299.0 0
332.0 297.0 0
255 255 254
318.0 299.0 0
323.0 305.0 0
332.0 299.0 0
193 197 197
332.0 297.0 0
318.0 299.0 0
332.0 299.0 0
255 255 255
322.0 308.0 0
315.0 328.0 0
332.0 310.0 0
247 247 246
323.0 305.0 0
322.0 308.0 0
332.0 310.0 0
255 255 255
332.0 299.0 0
323.0 305.0 0
332.0 310.0 0
255 255 255
315.0 328.0 0
314.0 330.0 0
332.0 357.0 0
255 255 255
332.0 310.0 0
315.0 328.0 0
332.0 357.0 0
255 255 255
314.0 330.0 0
306.0 336.0 0
332.0 357.0 0
255 255 255
306.0 336.0 0
282.0 365.0 0
332.0 359.0 0
255 255 255
332.0 357.0 0
306.0 336.0 0
332.0 359.0 0
255 255 255
332.0 359.0 0
282.0 365.0 0
332.0 402.0 0
255 255 255
304.0 449.0 0
312.0 449.0 0
332.0 402.0 0
255 255 255
282.0 365.0 0
288.0 449.0 0
332.0 402.0 0
255 255 255
288.0 449.0 0
304.0 449.0 0
332.0 402.0 0
255 255 255
332.0 402.0 0
312.0 449.0 0
332.0 440.0 0
255 255 255
332.0 440.0 0
312.0 449.0 0
332.0 449.0 0
255 255 255
